s2_scale: 1.21342
s3_scale: 1.81432
rem_scale: 0.9132